0 0.4399649430324276 0.5220380554298171 0.238387379491674 0.27088120760338114
1 0.042068361086765996 0.4549752321882033 0.07712532865907099 0.10782650011396731
1 0.1476774758983348 0.41881390593047035 0.10780017528483787 0.09336196961087412
1 0.26555652936021035 0.3892273662650525 0.10517090271691498 0.0841572683816329
1 0.366783523225241 0.3537235186665511 0.08326029798422441 0.07626752447085491
1 0.4517966695880806 0.3195346283865127 0.08501314636283963 0.07363760983392885
1 0.567922874671341 0.560829296324476 0.0999123575810692 0.10125171352165226
1 0.29053461875547765 0.5207230981113541 0.09903593339176164 0.12097607329859744
1 0.6656441717791411 0.48193185721669507 0.08676599474145497 0.09073205497394812
1 0.7471516213847502 0.5148057901782704 0.07099035933391762 0.10914145743243023
1 0.6792287467134093 0.5720064335314117 0.09640666082383875 0.13412564648322756
1 0.6555652936021034 0.2090782136356194 0.05784399649430316 0.07100769519700285
1 0.7160385626643295 0.18606646056251663 0.05609114811568805 0.05917307933083564
1 0.22962313759859776 0.2919205246987894 0.10517090271691498 0.08415726838163298
1 0.06529360210341806 0.2971803539726415 0.11831726555652936 0.07626752447085491
1 0.34925503943908853 0.27285364358107567 0.08501314636283963 0.06443290860468771