0 0.55615234375 0.4611721611721612 0.2685546875 0.33406593406593404
1 0.955322265625 0.41318681318681316 0.08935546875 0.12747252747252746
1 0.856201171875 0.47912087912087914 0.11767578125 0.12234432234432234
1 0.744140625 0.5413919413919414 0.11376953125 0.11282051282051282
1 0.6494140625 0.6051282051282051 0.091796875 0.0989010989010989
1 0.570068359375 0.6633699633699633 0.0927734375 0.0967032967032967
1 0.425537109375 0.4597069597069597 0.111328125 0.1282051282051282
1 0.702880859375 0.4194139194139194 0.11279296875 0.14725274725274726
1 0.33984375 0.5648351648351648 0.0966796875 0.11428571428571428
1 0.255615234375 0.5564102564102564 0.08349609375 0.12747252747252746
1 0.31494140625 0.4805860805860806 0.111328125 0.15897435897435896
1 0.38427734375 0.8300366300366301 0.0654296875 0.08644688644688645
1 0.327880859375 0.86996336996337 0.0625 0.073992673992674
1 0.791748046875 0.6267399267399267 0.11376953125 0.11282051282051282
1 0.94482421875 0.5743589743589743 0.1103515625 0.10842490842490843
1 0.6767578125 0.6798534798534799 0.091796875 0.08791208791208792