0 0.44384765625 0.5388278388278388 0.2685546875 0.33406593406593404
1 0.044677734375 0.5868131868131868 0.08935546875 0.12747252747252746
1 0.143798828125 0.5208791208791209 0.11767578125 0.12234432234432234
1 0.255859375 0.4586080586080586 0.11376953125 0.11282051282051282
1 0.3505859375 0.39487179487179486 0.091796875 0.0989010989010989
1 0.429931640625 0.33663003663003666 0.0927734375 0.0967032967032967
1 0.574462890625 0.5402930402930403 0.111328125 0.1282051282051282
1 0.297119140625 0.5805860805860806 0.11279296875 0.14725274725274726
1 0.66015625 0.4351648351648352 0.0966796875 0.11428571428571428
1 0.744384765625 0.44358974358974357 0.08349609375 0.12747252747252746
1 0.68505859375 0.5194139194139195 0.111328125 0.15897435897435896
1 0.61572265625 0.16996336996336997 0.0654296875 0.08644688644688645
1 0.672119140625 0.13003663003663005 0.0625 0.073992673992674
1 0.208251953125 0.37326007326007327 0.11376953125 0.11282051282051282
1 0.054931640625 0.4249084249084249 0.10986328125 0.10842490842490843
1 0.3232421875 0.3201465201465201 0.091796875 0.08791208791208792